030200
050800
150100
211000
020800
120700
131200
070900
260900
260200
041100
280700
260499
151200
081100
191100
200700
190500
180800
210800
250100
280700
111000
051200
050100
241100
270400
170300
200900
290800
280100
040300
231000
121000
020600
140100
251200
140800
121200
160999
140300
061200
121200
260200
141200
280899
020100
160600
171099
080697
241000
110900
070500
231100
080500
020800
060100
080899
300397
101100
031099
111099
190800
080700
010597
260900
120400
170800
230996
170600
080600
020300
140900
070700
270500
200797
261100
280600
020900
031098
130700
111100
181100
300999
070900
300400
271200
061100