pass dung 175D100075 260499
185D100002
185D100004
185D100006
185D100008
185D100009
185D100011
185D100012
185D100013
185D100014
185D100094
185D100016
185D100020
175D100075
185D100022
185D100024
185D100026
185D100028
185D100032
185D100034
185D100037
185D100042
185D100043
185D100044
185D100048
185D100099
185D100050
185D100095
185D100052
185D100055
185D100056
185D100058
185D100062
185D100064
185D100066
185D100091
185D100068
185D100092
185D100070
185D100093
175D100063
185D100076
185D100078
185D100086
185D100001
185D100005
175D100006
185D100007
185D100010
175D100011
155D100015
185D100015
185D100021
185D100023
185D100025
185D100027
185D100029
185D100033
175D100026
155D100029
185D100035
175D100030
175D100034
185D100038
185D100045
155D100040
185D100046
185D100047
185D100049
155D100098
185D100051
185D100098
185D100053
185D100057
185D100059
185D100061
155D100069
185D100063
185D100065
185D100072
185D100073
185D100075
185D100077
185D100079
185D100096
185D100081
185D100082
185D100083
185D100085