1861110045
1861110062
1861110051
1861110060
1861110042
1861110049
1861110046
1861110047
1861110065
1861110050
1861110053
1861110048
1861110061
1861110038 => pass : 123456 md5 băm
1861110055
1861110044
1861110059
1711060692
1711060339
1711060884
1711060388
1711060224
1711060364
1711061278
1711060246
1711060382
1711060700
1711060256
1711060180
1711060951
1711060315
1711060540
1711060885
1711061103
1711060327
1711060410
1711060305
1711060943
1711061339
1711060145
1711061384
1711060271
1711060299
1711060355
1711060372
1711060322
1711060261
1711060788
1711061377
1711060171
1711060864
1711061034
1711060539
1711060405
1711060684
1711060219
1711060576
1711060356
1711060567
1711060486
1711060198
1711060659
1711060475
1711060520
1711060617
1711060451
1711060481
1711061435
1711060413
1711060593
1711060558
1711060657
1711060669
1711060154
1711060138
1711060404
1711060407
1711060507
1711060488
1711060541
1711060578
1711060446
1711060585
1711060521
1711060109
1711060568
1711060309
1711060285
1711060500
1711060351
1711060650
1711060665
1711060470
1711060534
1711060505
1711060639
1711060609
1711060487
1711060620
1711060656
1711060530
1711060897
1711060840
1711060733
1711060804
1711060811
1711060761
1711060910
1711060834
1711060727
1711060873
1711060809
1711061213
1711060817
1711060917
1711060808
1711060722
1711060848
1711060908
1711060701
1711060703
1711060833
1611061253
1711060781
1711060785
1711060682
1711060900
1711060704
1711060737
1711060845
1711060855
1711060778
1711060318
1711060831
1711060881
1711060870
1711060879
1711060342
1711060863
1711060859
1711060787
1711060730
1711060927
1711060290
1711060768
1711061123
1711061141
1711061046
1711061007
1711060932
1711061098
1711061045
1711060962
1711061224
1711061006
1711061187
1711061093
1711061220
1711060357
1711060295
1711061190
1711061105
1711060940
1711060949
1711061106
1711061226
1711060967
1711061002
1711061177
1711060931
1711061250
1711061165
1711060929
1711061126
1711061161
1711061050
1711061044
1711061131
1711061111
1711061136
1711061236
1711061214
1711060948
1711060953
1711061016
1711060961
1711061173
1711061047
1711060996




