28121998
28061998
09021889
21051998
25091998
15091998
14041998
18101996
24121997
02071998
23031997
18031998
14021998
20101998
02111998
13081998
01051998
27091997
18031997
28011998
06071998
10091997
09121998
02091998
05011998
26111997
28111998
31101996
03051997
30041997
06091998
31051998
25051997
10101998
06091998
20071998
25021996
06011997
28061998
22061998
18021998
15011998
13041998
16111996
25061998
11021998
14091998
22091998
25021998
10091998
02021997
26111998
12101997
08061996
25121998
04061998
22091997
03011996
16041998
25111998
24071998
06081997
16021997
23081998
09031997
16081998
20121996
18071998
12071998
03011998
15021998
08101997
26061996
06091998
29121998
16091995
24121998
08031998
08031998
27061998
08061997
17121998
10121996
29101998
04061998
16011998
31071996
01061998
Phó Thä 
06121995
11011998
29081997
05101998
10101998
09091998
04121998
03021998
22071997
23091998
23051998
08071998
06081997
24091998
14041997
25051998
16021995
27061998
22081998
15121998
10111998
14051998
20031998
01091997
22061998
26121998
07051998
26021996
03111998
16101998
30011998
24111998
03071998
02021998
01071998
14091998
09091998
10071998
11021998
12101998
16121998
28021998
16071998
22121997
10031998
17101997
18091998
23121996
17081998
01121998
14031998
01021998
22021996
05061998
10081998
05121998
12031995
12051998
20021998
26101998
20031998
12071994
14011998
08061998
20121998
19061997
13011994
26081998
09051998
08041998
20071998
16021997
11121997
28091998
22011998
27101997
17111997
07041998
24051998
18031996
22101998
06041998
28111998
06081998
20121998
30081996
21041996
16071998
13031996
20021998
29041998
15051995
20121996
13081998
24081996
08091998
16101997
06091997
23071996
24011997
15041998
21031996
21011996
30061997
28011996
18121998
01021997
20061997
13041998
15011998
06011994
25101998
13121997
14071997
27091998
18101997
15051998
07071998
26061998
04121998
28101998
29101998
27121998
20011998
28091998
19121998
16011998
01121998
05081997
26031998
27051998
03081997
29111988
17011997
25041998
03071998
18081998
22011998
02021998
14021998
30101998
09101998
09011998
17041997
25121998
12051998
14021998