165D1402020001
165D1402080001
165D2203100001
165D1402010004
165D1402010003
165D1402010008
165D1402020008
145D1402060001
165D1402060001
165D1402110001
165D2203300001
165D1402170006
165D1402010012
165D1402010015
165D1402010010
165D1402010014
165D1402010013
165D1402040004
155D1402040003
165D1402080002
165D1402110005
165D1402170010
165D1402170011
165D1402080003
165D1402090006
165D1402040005
165D1402170016
165D1402040006
165D1402080005
155D1402080065
165D1402010020
165D1402120005
155D1402110015
165D1402110007
165D1402010021
165D1402010022
155D1402080006
165D1402170017
165D1402010023
165D1402010024
165D1402170019
165D1402180002
165D1402090010
145D1402100008
165D1402130020
165D1402170025
165D1402010032
165D1402020027
165D1402060007
165D1402080011
155D1402170026
165D1402020041
155D1402110040
155D1402010061
165D1402060008
165D1402180042
165D1402080012
145D1402060020
165D1402090131
165D1402040009
165D1402130002
155D1402130039
155D2203300008
165D1402170040
165D1402170041
165D1402180044
145D1402020088
165D1402090028
165D1402020050
165D1402080013
165D1402080015
165D1402090029
165D1402110023
165D1402110024
165D1402080018
165D1402090032
165D1402010053
165D1402010050
165D1402020057
165D1402080016
165D1402120012
165D1402170050
145D1402180019
165D2202040010
165D1402010058
165D1402020061
145D1402080037
165D1402100002
145D1402040008
165D1402080021
165D1402020068
165D1402080020
165D1402020070
165D1402020072
165D1402020071
165D1402080022
165D1402090126
165D1402040013
165D1402080023
165D1402010066
165D1402010067
155D1402010109
165D1402170060
165D1402080024
165D1402090040
165D1402090045
165D1402170061
165D1402170063
165D1402180020
165D1402010073
165D1402010074
165D1402020083
155D1402080038
165D1402090046
165D1402090047
165D1402120016
145D1402180027
165D1402020084
165D1402020087
165D1402060012
165D1402170073
165D1402090050
165D1402110040
165D1402010080
165D1402010085
165D1402170074
165D1402010086
165D1402090060
165D1402090127
165D1402170077
165D1402010088
165D1402080028
165D1402090052
165D1402110045
165D1402010090
165D1402010091
155D1402170108
165D1402170081
165D1402010099
165D1402100006
165D1402130014
165D1402170084
165D1402090061
165D1402110048
165D1402170087
165D1402090117
165D1402010102
165D1402010104
165D1402010101
165D1402080031
165D1402080032
165D1402090065
165D1402090129
165D1402090070
165D1402090071
145D1402170122
165D1402170090
165D1402170092
165D1402170093
165D1402170094
165D1402170091
155D1402180049
165D1402010106
165D1402090073
165D1402170126
155D1402080045
165D1402120023
165D1402110052
145D1402010196
165D1402010110
165D1402010109
165D1402010112
165D1402080033
165D1402090078
145D1402170133
145D1402180044
165D1402180029
165D1402080034
165D1402080035
165D1402170098
165D1402080036
165D1402110060
165D1402080041
165D1402080043
165D1402090100
165D1402170114
165D1402080037
145D1402040016
165D1402090085
165D1402090084
145D1402120147
145D1402130114
155D1402170137
145D1402180049
165D1402090089
165D1402080054
155D140218006 
165D1402090096
165D1402100009
165D1402060013
165D1402110059
155D1402170155
165D1402170108
165D1402180033
155D1402170153
165D1402010114
165D1402010127
165D1402010125
165D1402010129
165D1402120027
165D1402010132
165D1402010135
165D1402010138
165D1402010134
165D1402020141
165D1402020140
165D1402040018
165D1402080048
165D1402090105
165D1402120031
165D1402130024
165D1402060015
165D1402080051
165D1402060016
165D1402090112
165D1402060017
165D1402080052
165D1402100011
165D1402130015
165D1402170088
165D1402120033
165D1402170122
165D1402120034
165D1402040022
165D1402010144
165D1402130011